<html>
<head><meta charset="utf-8" /></head>
<body>
    <div>                        <script type="text/javascript">window.PlotlyConfig = {MathJaxConfig: 'local'};</script>
        <script charset="utf-8" src="https://cdn.plot.ly/plotly-2.35.2.min.js"></script>                <div id="myDiv" class="plotly-graph-div" style="height:100%; width:100%;"></div>            <script type="text/javascript">                                    window.PLOTLYENV=window.PLOTLYENV || {};                                    if (document.getElementById("myDiv")) {                    Plotly.newPlot(                        "myDiv",                        [{"hoverinfo":"text","marker":{"color":["#6c87c5","#6c87c5","#6c87c5","#6c87c5","#6c87c5","#6c87c5","#6c87c5","#6c87c5","#6c87c5","#6c87c5","#6c87c5","#6c87c5","#6c87c5","#6c87c5","#6c87c5","#6c87c5","#6c87c5","#6c87c5","#6c87c5","#6c87c5","#6c87c5","#6c87c5","#6c87c5","#6c87c5","#6c87c5","#6c87c5","#6c87c5","#6c87c5","#6c87c5","#6c87c5"],"line":{"color":["#6c87c5","#6c87c5","#6c87c5","#6c87c5","#6c87c5","#6c87c5","#6c87c5","#6c87c5","#6c87c5","#6c87c5","#6c87c5","#6c87c5","#6c87c5","#6c87c5","#6c87c5","#6c87c5","#6c87c5","#6c87c5","#6c87c5","#6c87c5","#6c87c5","#6c87c5","#6c87c5","#6c87c5","#6c87c5","#6c87c5","#6c87c5","#6c87c5","#6c87c5","#6c87c5"],"width":2},"size":9},"mode":"markers","text":["Variable 0\u003cbr\u003eMean: 0.000952088346\u003cbr\u003eStd: 0.03","Variable 1\u003cbr\u003eMean: 0.000518403843\u003cbr\u003eStd: 0.02","Variable 2\u003cbr\u003eMean: 0.000947575532\u003cbr\u003eStd: 0.03","Variable 3\u003cbr\u003eMean: 0.00052202461\u003cbr\u003eStd: 0.03","Variable 4\u003cbr\u003eMean: 0.000264451101\u003cbr\u003eStd: 0.02","Variable 5\u003cbr\u003eMean: 0.000649470316\u003cbr\u003eStd: 0.03","Variable 6\u003cbr\u003eMean: 0.000256237942\u003cbr\u003eStd: 0.03","Variable 7\u003cbr\u003eMean: 0.00050592417\u003cbr\u003eStd: 0.03","Variable 8\u003cbr\u003eMean: 0.000248183705\u003cbr\u003eStd: 0.02","Variable 9\u003cbr\u003eMean: 0.000728786063\u003cbr\u003eStd: 0.03","Variable 10\u003cbr\u003eMean: 0.00067992822\u003cbr\u003eStd: 0.02","Variable 11\u003cbr\u003eMean: 9.69510223e-05\u003cbr\u003eStd: 0.03","Variable 12\u003cbr\u003eMean: 0.000337883337\u003cbr\u003eStd: 0.02","Variable 13\u003cbr\u003eMean: 0.00067463428\u003cbr\u003eStd: 0.02","Variable 14\u003cbr\u003eMean: 0.000305985109\u003cbr\u003eStd: 0.02","Variable 15\u003cbr\u003eMean: 0.000812046982\u003cbr\u003eStd: 0.02","Variable 16\u003cbr\u003eMean: 0.00048519466\u003cbr\u003eStd: 0.02","Variable 17\u003cbr\u003eMean: 0.00108186104\u003cbr\u003eStd: 0.03","Variable 18\u003cbr\u003eMean: 0.000964341944\u003cbr\u003eStd: 0.02","Variable 19\u003cbr\u003eMean: 0.00122208236\u003cbr\u003eStd: 0.03","Variable 20\u003cbr\u003eMean: 0.002036703\u003cbr\u003eStd: 0.03","Variable 21\u003cbr\u003eMean: 0.000140221547\u003cbr\u003eStd: 0.02","Variable 22\u003cbr\u003eMean: 0.000374989492\u003cbr\u003eStd: 0.02","Variable 23\u003cbr\u003eMean: 0.000259907338\u003cbr\u003eStd: 0.02","Variable 24\u003cbr\u003eMean: 0.00161214944\u003cbr\u003eStd: 0.04","Variable 25\u003cbr\u003eMean: 0.000823866443\u003cbr\u003eStd: 0.02","Variable 26\u003cbr\u003eMean: 0.000748983171\u003cbr\u003eStd: 0.02","Variable 27\u003cbr\u003eMean: 0.000143242412\u003cbr\u003eStd: 0.02","Variable 28\u003cbr\u003eMean: 0.000560211187\u003cbr\u003eStd: 0.02","Variable 29\u003cbr\u003eMean: 0.000236451049\u003cbr\u003eStd: 0.02"],"x":[0.025255933797822643,0.023238464342550693,0.02728108449090688,0.02613405368479984,0.023927596243668105,0.02840495495507782,0.02539691660418642,0.030761712728650206,0.024711935254042732,0.02517288849139089,0.023483842083441116,0.028303671440291982,0.021335236464590682,0.024554926654339657,0.02133119645026973,0.024484188265082425,0.02195778335807146,0.03015024983312742,0.024740632328216675,0.033260781710597244,0.03407511570046388,0.023000631513069376,0.021439915461587064,0.022813316988110253,0.04048934551212208,0.024234268856311716,0.023666034458692062,0.021777896317137706,0.022186133777654906,0.02460147282176415],"y":[0.000952088346,0.000518403843,0.000947575532,0.00052202461,0.000264451101,0.000649470316,0.000256237942,0.00050592417,0.000248183705,0.000728786063,0.00067992822,9.69510223e-05,0.000337883337,0.00067463428,0.000305985109,0.000812046982,0.00048519466,0.00108186104,0.000964341944,0.00122208236,0.002036703,0.000140221547,0.000374989492,0.000259907338,0.00161214944,0.000823866443,0.000748983171,0.000143242412,0.000560211187,0.000236451049],"type":"scatter"}],                        {"template":{"data":{"barpolar":[{"marker":{"line":{"color":"white","width":0.5},"pattern":{"fillmode":"overlay","size":10,"solidity":0.2}},"type":"barpolar"}],"bar":[{"error_x":{"color":"#2a3f5f"},"error_y":{"color":"#2a3f5f"},"marker":{"line":{"color":"white","width":0.5},"pattern":{"fillmode":"overlay","size":10,"solidity":0.2}},"type":"bar"}],"carpet":[{"aaxis":{"endlinecolor":"#2a3f5f","gridcolor":"#C8D4E3","linecolor":"#C8D4E3","minorgridcolor":"#C8D4E3","startlinecolor":"#2a3f5f"},"baxis":{"endlinecolor":"#2a3f5f","gridcolor":"#C8D4E3","linecolor":"#C8D4E3","minorgridcolor":"#C8D4E3","startlinecolor":"#2a3f5f"},"type":"carpet"}],"choropleth":[{"colorbar":{"outlinewidth":0,"ticks":""},"type":"choropleth"}],"contourcarpet":[{"colorbar":{"outlinewidth":0,"ticks":""},"type":"contourcarpet"}],"contour":[{"colorbar":{"outlinewidth":0,"ticks":""},"colorscale":[[0.0,"#0d0887"],[0.1111111111111111,"#46039f"],[0.2222222222222222,"#7201a8"],[0.3333333333333333,"#9c179e"],[0.4444444444444444,"#bd3786"],[0.5555555555555556,"#d8576b"],[0.6666666666666666,"#ed7953"],[0.7777777777777778,"#fb9f3a"],[0.8888888888888888,"#fdca26"],[1.0,"#f0f921"]],"type":"contour"}],"heatmapgl":[{"colorbar":{"outlinewidth":0,"ticks":""},"colorscale":[[0.0,"#0d0887"],[0.1111111111111111,"#46039f"],[0.2222222222222222,"#7201a8"],[0.3333333333333333,"#9c179e"],[0.4444444444444444,"#bd3786"],[0.5555555555555556,"#d8576b"],[0.6666666666666666,"#ed7953"],[0.7777777777777778,"#fb9f3a"],[0.8888888888888888,"#fdca26"],[1.0,"#f0f921"]],"type":"heatmapgl"}],"heatmap":[{"colorbar":{"outlinewidth":0,"ticks":""},"colorscale":[[0.0,"#0d0887"],[0.1111111111111111,"#46039f"],[0.2222222222222222,"#7201a8"],[0.3333333333333333,"#9c179e"],[0.4444444444444444,"#bd3786"],[0.5555555555555556,"#d8576b"],[0.6666666666666666,"#ed7953"],[0.7777777777777778,"#fb9f3a"],[0.8888888888888888,"#fdca26"],[1.0,"#f0f921"]],"type":"heatmap"}],"histogram2dcontour":[{"colorbar":{"outlinewidth":0,"ticks":""},"colorscale":[[0.0,"#0d0887"],[0.1111111111111111,"#46039f"],[0.2222222222222222,"#7201a8"],[0.3333333333333333,"#9c179e"],[0.4444444444444444,"#bd3786"],[0.5555555555555556,"#d8576b"],[0.6666666666666666,"#ed7953"],[0.7777777777777778,"#fb9f3a"],[0.8888888888888888,"#fdca26"],[1.0,"#f0f921"]],"type":"histogram2dcontour"}],"histogram2d":[{"colorbar":{"outlinewidth":0,"ticks":""},"colorscale":[[0.0,"#0d0887"],[0.1111111111111111,"#46039f"],[0.2222222222222222,"#7201a8"],[0.3333333333333333,"#9c179e"],[0.4444444444444444,"#bd3786"],[0.5555555555555556,"#d8576b"],[0.6666666666666666,"#ed7953"],[0.7777777777777778,"#fb9f3a"],[0.8888888888888888,"#fdca26"],[1.0,"#f0f921"]],"type":"histogram2d"}],"histogram":[{"marker":{"pattern":{"fillmode":"overlay","size":10,"solidity":0.2}},"type":"histogram"}],"mesh3d":[{"colorbar":{"outlinewidth":0,"ticks":""},"type":"mesh3d"}],"parcoords":[{"line":{"colorbar":{"outlinewidth":0,"ticks":""}},"type":"parcoords"}],"pie":[{"automargin":true,"type":"pie"}],"scatter3d":[{"line":{"colorbar":{"outlinewidth":0,"ticks":""}},"marker":{"colorbar":{"outlinewidth":0,"ticks":""}},"type":"scatter3d"}],"scattercarpet":[{"marker":{"colorbar":{"outlinewidth":0,"ticks":""}},"type":"scattercarpet"}],"scattergeo":[{"marker":{"colorbar":{"outlinewidth":0,"ticks":""}},"type":"scattergeo"}],"scattergl":[{"marker":{"colorbar":{"outlinewidth":0,"ticks":""}},"type":"scattergl"}],"scattermapbox":[{"marker":{"colorbar":{"outlinewidth":0,"ticks":""}},"type":"scattermapbox"}],"scatterpolargl":[{"marker":{"colorbar":{"outlinewidth":0,"ticks":""}},"type":"scatterpolargl"}],"scatterpolar":[{"marker":{"colorbar":{"outlinewidth":0,"ticks":""}},"type":"scatterpolar"}],"scatter":[{"fillpattern":{"fillmode":"overlay","size":10,"solidity":0.2},"type":"scatter"}],"scatterternary":[{"marker":{"colorbar":{"outlinewidth":0,"ticks":""}},"type":"scatterternary"}],"surface":[{"colorbar":{"outlinewidth":0,"ticks":""},"colorscale":[[0.0,"#0d0887"],[0.1111111111111111,"#46039f"],[0.2222222222222222,"#7201a8"],[0.3333333333333333,"#9c179e"],[0.4444444444444444,"#bd3786"],[0.5555555555555556,"#d8576b"],[0.6666666666666666,"#ed7953"],[0.7777777777777778,"#fb9f3a"],[0.8888888888888888,"#fdca26"],[1.0,"#f0f921"]],"type":"surface"}],"table":[{"cells":{"fill":{"color":"#EBF0F8"},"line":{"color":"white"}},"header":{"fill":{"color":"#C8D4E3"},"line":{"color":"white"}},"type":"table"}]},"layout":{"annotationdefaults":{"arrowcolor":"#2a3f5f","arrowhead":0,"arrowwidth":1},"autotypenumbers":"strict","coloraxis":{"colorbar":{"outlinewidth":0,"ticks":""}},"colorscale":{"diverging":[[0,"#8e0152"],[0.1,"#c51b7d"],[0.2,"#de77ae"],[0.3,"#f1b6da"],[0.4,"#fde0ef"],[0.5,"#f7f7f7"],[0.6,"#e6f5d0"],[0.7,"#b8e186"],[0.8,"#7fbc41"],[0.9,"#4d9221"],[1,"#276419"]],"sequential":[[0.0,"#0d0887"],[0.1111111111111111,"#46039f"],[0.2222222222222222,"#7201a8"],[0.3333333333333333,"#9c179e"],[0.4444444444444444,"#bd3786"],[0.5555555555555556,"#d8576b"],[0.6666666666666666,"#ed7953"],[0.7777777777777778,"#fb9f3a"],[0.8888888888888888,"#fdca26"],[1.0,"#f0f921"]],"sequentialminus":[[0.0,"#0d0887"],[0.1111111111111111,"#46039f"],[0.2222222222222222,"#7201a8"],[0.3333333333333333,"#9c179e"],[0.4444444444444444,"#bd3786"],[0.5555555555555556,"#d8576b"],[0.6666666666666666,"#ed7953"],[0.7777777777777778,"#fb9f3a"],[0.8888888888888888,"#fdca26"],[1.0,"#f0f921"]]},"colorway":["#636efa","#EF553B","#00cc96","#ab63fa","#FFA15A","#19d3f3","#FF6692","#B6E880","#FF97FF","#FECB52"],"font":{"color":"#2a3f5f"},"geo":{"bgcolor":"white","lakecolor":"white","landcolor":"white","showlakes":true,"showland":true,"subunitcolor":"#C8D4E3"},"hoverlabel":{"align":"left"},"hovermode":"closest","mapbox":{"style":"light"},"paper_bgcolor":"white","plot_bgcolor":"white","polar":{"angularaxis":{"gridcolor":"#EBF0F8","linecolor":"#EBF0F8","ticks":""},"bgcolor":"white","radialaxis":{"gridcolor":"#EBF0F8","linecolor":"#EBF0F8","ticks":""}},"scene":{"xaxis":{"backgroundcolor":"white","gridcolor":"#DFE8F3","gridwidth":2,"linecolor":"#EBF0F8","showbackground":true,"ticks":"","zerolinecolor":"#EBF0F8"},"yaxis":{"backgroundcolor":"white","gridcolor":"#DFE8F3","gridwidth":2,"linecolor":"#EBF0F8","showbackground":true,"ticks":"","zerolinecolor":"#EBF0F8"},"zaxis":{"backgroundcolor":"white","gridcolor":"#DFE8F3","gridwidth":2,"linecolor":"#EBF0F8","showbackground":true,"ticks":"","zerolinecolor":"#EBF0F8"}},"shapedefaults":{"line":{"color":"#2a3f5f"}},"ternary":{"aaxis":{"gridcolor":"#DFE8F3","linecolor":"#A2B1C6","ticks":""},"baxis":{"gridcolor":"#DFE8F3","linecolor":"#A2B1C6","ticks":""},"bgcolor":"white","caxis":{"gridcolor":"#DFE8F3","linecolor":"#A2B1C6","ticks":""}},"title":{"x":0.05},"xaxis":{"automargin":true,"gridcolor":"#EBF0F8","linecolor":"#EBF0F8","ticks":"","title":{"standoff":15},"zerolinecolor":"#EBF0F8","zerolinewidth":2},"yaxis":{"automargin":true,"gridcolor":"#EBF0F8","linecolor":"#EBF0F8","ticks":"","title":{"standoff":15},"zerolinecolor":"#EBF0F8","zerolinewidth":2}}},"font":{"family":"Roboto"},"xaxis":{"fixedrange":true,"title":{"text":"Standard Deviation"}},"yaxis":{"fixedrange":true,"title":{"text":"Mean"}},"title":{"font":{"family":"Roboto","size":28,"color":"black","weight":500},"x":0.5,"text":"Scatter Plot: Standard Deviation vs Mean"},"dragmode":false,"hovermode":"closest"},                        {"displayModeBar": false, "scrollZoom": false, "modeBarButtonsToRemove": ["pan2d", "zoom2d", "select2d", "lasso2d"], "responsive": true}                    ).then(function(){
                            
// Inject Roboto font from Google Fonts.
var linkElem = document.createElement("link");
linkElem.rel = "stylesheet";
linkElem.href = "https://fonts.googleapis.com/css?family=Roboto";
document.head.appendChild(linkElem);

// Inject custom CSS to enforce title font size and weight.
var style = document.createElement('style');
style.innerHTML = '#myDiv .gtitle { font-size: 1.75rem !important; font-weight: 500 !important; }';
document.head.appendChild(style);

// Expose the correlation matrix to JavaScript.
window.corr_matrix = [[0.9999999999999998, 0.1765021022841954, 0.26070466455002134, 0.19249597073858812, 0.16569484299138643, 0.2464280441756407, 0.1524460836560714, 0.17790013991934372, 0.18316734819081815, 0.26691341609627245, 0.205893320379594, 0.2383826233231738, 0.11468765820184558, 0.18341637453860518, 0.11945006266814862, 0.24746044303048462, 0.14658523628771272, 0.2608869121725988, 0.29074277461377734, 0.21998909064515748, 0.29743962492684545, 0.11580158266907417, 0.12248225883310644, 0.11070721585667812, 0.23540796160947364, 0.1669872479487232, 0.22594181990370832, 0.08175623057963008, 0.11530914201933568, 0.13453605196374221], [0.1765021022841954, 0.9999999999999998, 0.15946549806025986, 0.18042206999921095, 0.15034439281232714, 0.1885267571376822, 0.1359207800304636, 0.1384703299760228, 0.14931445400263416, 0.1760692198839782, 0.18014046228387467, 0.17876309132737606, 0.17682249160112865, 0.1763623214064242, 0.13923272629888092, 0.2102632197661245, 0.14241212921798005, 0.14790824056093016, 0.20120444468715926, 0.12482456326847886, 0.1758182370959112, 0.16688966566574084, 0.15051738552064312, 0.13219738197879716, 0.11449701856063159, 0.1848781558165128, 0.20408086595935784, 0.12009684592566455, 0.11744235186409213, 0.11411294135003852], [0.26070466455002134, 0.15946549806025986, 1.0, 0.16553250289472562, 0.15182025502323365, 0.29380717317827715, 0.10587211381867602, 0.1556950453045024, 0.18673568680351654, 0.3211692116027219, 0.18665538420311514, 0.2244933468445665, 0.0869992909347505, 0.14920846878789276, 0.08240821938430026, 0.2404526334936875, 0.11265531772513135, 0.32764759611203614, 0.30151055306876556, 0.3012153351233455, 0.30974461200235154, 0.09379672978600063, 0.08276111136919935, 0.08039116658092485, 0.248210541333765, 0.12342639677380857, 0.2174489756276315, 0.06334048233966402, 0.10632889297009317, 0.09308803563688432], [0.19249597073858812, 0.18042206999921095, 0.16553250289472562, 1.0, 0.21066560610837554, 0.20359417061516444, 0.27860215930794796, 0.3068565838070519, 0.2529178896224363, 0.1975379242334063, 0.21478359502086564, 0.2175117414304311, 0.1339252881882347, 0.4199382596667333, 0.1452646318538124, 0.2585713645199954, 0.16609724773487225, 0.17660096763653546, 0.199708947499534, 0.14209301723693046, 0.1987085461975991, 0.14604896332681938, 0.1150251001412412, 0.1828085396482218, 0.16530478518844502, 0.19649600093117187, 0.24687680222904082, 0.12605692304802532, 0.09691097813895545, 0.2591095197834899], [0.16569484299138643, 0.15034439281232714, 0.15182025502323365, 0.21066560610837554, 1.0, 0.16614305234007368, 0.16476562209334328, 0.193536131304657, 0.2273168516917395, 0.17252406362016937, 0.1840653375413147, 0.18695859688673672, 0.12430678090982934, 0.2114568362945048, 0.1357330926965113, 0.1974711139905267, 0.12948235465586552, 0.15566251044911836, 0.18146650786902374, 0.13903175568899395, 0.1601926290573764, 0.12491121769806017, 0.12277429819011756, 0.17523968617239852, 0.12460186737494058, 0.14718534971786623, 0.1830492289624529, 0.13681158365187804, 0.10588830588793034, 0.15748547106564528], [0.2464280441756407, 0.1885267571376822, 0.29380717317827715, 0.20359417061516444, 0.16614305234007368, 1.0, 0.14245380252323, 0.1887923800958836, 0.19667323579573082, 0.2698147513907592, 0.20632991584377777, 0.22088424958768976, 0.09736506232684809, 0.18314178990228325, 0.10216129020902795, 0.26835919913885736, 0.14631882230140159, 0.2912743827103229, 0.29344040824144757, 0.2714104405204212, 0.31380812549639425, 0.10164059950218389, 0.094822715668818, 0.1004644759819608, 0.2557520871596049, 0.1479208486830537, 0.24846128613025525, 0.07151204991730095, 0.09515871581860391, 0.12151825366524406], [0.1524460836560714, 0.1359207800304636, 0.10587211381867602, 0.27860215930794796, 0.16476562209334328, 0.14245380252323, 1.0000000000000002, 0.22092062329353415, 0.19580881359230012, 0.14985062552558073, 0.1758676404770717, 0.1820899884897633, 0.12846415916782464, 0.2726310540224542, 0.14133307334612774, 0.2136011984638362, 0.15793443539756, 0.12091458997447072, 0.15911572748652195, 0.08854737990211295, 0.14791692075759558, 0.12362286678504499, 0.0951032575340549, 0.15752464243799846, 0.12748237511947752, 0.18381009040852242, 0.20198923821954282, 0.11502367039660452, 0.07878514200205344, 0.38617441427905375], [0.17790013991934372, 0.1384703299760228, 0.1556950453045024, 0.3068565838070519, 0.193536131304657, 0.1887923800958836, 0.22092062329353415, 0.9999999999999999, 0.26375954470049456, 0.18513685681206404, 0.19701287622285774, 0.20717720288052685, 0.09148969176157584, 0.2922615177546429, 0.1452362618566052, 0.2562966428601144, 0.15177043075151958, 0.1738016531771742, 0.1661707592401229, 0.1413448660726386, 0.20274174438845569, 0.1117753923259893, 0.08658335771315258, 0.15246291228365152, 0.18878166956534043, 0.15336395726991892, 0.2325079893711267, 0.08932143528616134, 0.06404902679158582, 0.19477820242629038], [0.18316734819081815, 0.14931445400263416, 0.18673568680351654, 0.2529178896224363, 0.2273168516917395, 0.19667323579573082, 0.19580881359230012, 0.26375954470049456, 1.0, 0.19476538175279887, 0.1953442343167382, 0.19569425298478818, 0.10745895287477393, 0.23947392886709332, 0.1375072009694502, 0.2459105579073133, 0.15163430468872016, 0.18286687177341138, 0.1948921515811926, 0.17073951014260252, 0.1942739082282544, 0.11192734026309388, 0.1101223949229476, 0.15720550272005784, 0.16806106494575096, 0.14236942062205696, 0.2235071015641335, 0.11002070721984074, 0.09694616383314533, 0.1909309652551486], [0.26691341609627245, 0.1760692198839782, 0.3211692116027219, 0.1975379242334063, 0.17252406362016937, 0.2698147513907592, 0.14985062552558073, 0.18513685681206404, 0.19476538175279887, 1.0000000000000002, 0.19277163451808488, 0.22841295367253103, 0.10963187013936077, 0.18542106387560536, 0.1134328519120091, 0.25430718674782304, 0.1377659333140425, 0.3213353450699466, 0.3109675709225009, 0.2450812933288928, 0.3024068384737983, 0.11675494238462243, 0.10621593085315782, 0.10146952360889289, 0.21928958837415333, 0.15617181242369751, 0.23655105463258688, 0.0829894250649376, 0.10184573609108273, 0.1311336493107758], [0.205893320379594, 0.18014046228387467, 0.18665538420311514, 0.21478359502086564, 0.1840653375413147, 0.20632991584377777, 0.1758676404770717, 0.19701287622285774, 0.1953442343167382, 0.19277163451808488, 1.0, 0.20227833136856552, 0.1293067460854392, 0.20800898796528655, 0.1405763128308101, 0.21843540824173566, 0.17661836148776833, 0.1852790878793709, 0.21697165382390918, 0.1506754145771095, 0.2181477957640449, 0.13169528437555933, 0.13714909029480532, 0.13840078103844283, 0.1664605830289864, 0.17957298042380393, 0.20882443809472187, 0.11525373729150716, 0.13979843237284273, 0.14460339780840173], [0.2383826233231738, 0.17876309132737606, 0.2244933468445665, 0.2175117414304311, 0.18695859688673672, 0.22088424958768976, 0.1820899884897633, 0.20717720288052685, 0.19569425298478818, 0.22841295367253103, 0.20227833136856552, 0.9999999999999999, 0.11080245344721558, 0.21379692025591532, 0.11614250458743758, 0.2223031645418461, 0.1321600419039616, 0.22166795849535118, 0.2678645723989693, 0.2001078311896503, 0.3023647853164135, 0.1271702476387375, 0.11605254227371581, 0.1263374183020004, 0.2006932352064065, 0.14226608189652795, 0.20342843834997051, 0.09998046137072177, 0.10806065042291534, 0.1636234696450664], [0.11468765820184558, 0.17682249160112865, 0.0869992909347505, 0.1339252881882347, 0.12430678090982934, 0.09736506232684809, 0.12846415916782464, 0.09148969176157584, 0.10745895287477393, 0.10963187013936077, 0.1293067460854392, 0.11080245344721558, 1.0000000000000002, 0.13775036479172745, 0.1350672503683163, 0.14346481405550865, 0.12077902912097165, 0.08604217199155878, 0.12475110009952968, 0.06325946489739125, 0.06977818373104636, 0.1651787679189736, 0.14372148102834376, 0.1239579802921204, 0.051939955807327784, 0.1535176921404564, 0.14059809345298216, 0.11568861007749459, 0.10762141463999458, 0.11563332173302573], [0.18341637453860518, 0.1763623214064242, 0.14920846878789276, 0.4199382596667333, 0.2114568362945048, 0.18314178990228325, 0.2726310540224542, 0.2922615177546429, 0.23947392886709332, 0.18542106387560536, 0.20800898796528655, 0.21379692025591532, 0.13775036479172745, 0.9999999999999998, 0.15078732590268976, 0.2541519233539994, 0.1695451214387532, 0.1608807463701072, 0.19449691990193976, 0.12883216181218393, 0.18927880954385073, 0.14964938279536674, 0.11567171703467284, 0.17646547118106687, 0.1501291751484399, 0.19142447627376483, 0.24067089041204462, 0.12347831290652268, 0.09648539690365984, 0.2466082667590976], [0.11945006266814862, 0.13923272629888092, 0.08240821938430026, 0.1452646318538124, 0.1357330926965113, 0.10216129020902795, 0.14133307334612774, 0.1452362618566052, 0.1375072009694502, 0.1134328519120091, 0.1405763128308101, 0.11614250458743758, 0.1350672503683163, 0.15078732590268976, 1.0, 0.16332684922287563, 0.14719504030569544, 0.08002055929383779, 0.12911945941788863, 0.05625906448544892, 0.07814752313746941, 0.12147405626943261, 0.16635756630632959, 0.1407631883154184, 0.06944048980092568, 0.13306496825492464, 0.15228646333397594, 0.12480947121627284, 0.1077060400623513, 0.13384296782642077], [0.24746044303048462, 0.2102632197661245, 0.2404526334936875, 0.2585713645199954, 0.1974711139905267, 0.26835919913885736, 0.2136011984638362, 0.2562966428601144, 0.2459105579073133, 0.25430718674782304, 0.21843540824173566, 0.2223031645418461, 0.14346481405550865, 0.2541519233539994, 0.16332684922287563, 1.0, 0.1860578899313245, 0.23936947089292385, 0.2673567535129804, 0.19423364659481762, 0.26699337253230804, 0.14406444252922174, 0.13983142569091864, 0.14592172517445393, 0.19358128852554968, 0.19174998496777093, 0.36927133729128814, 0.10239769751613001, 0.10755189581633215, 0.19680286091138888], [0.14658523628771272, 0.14241212921798005, 0.11265531772513135, 0.16609724773487225, 0.12948235465586552, 0.14631882230140159, 0.15793443539756, 0.15177043075151958, 0.15163430468872016, 0.1377659333140425, 0.17661836148776833, 0.1321600419039616, 0.12077902912097165, 0.1695451214387532, 0.14719504030569544, 0.1860578899313245, 1.0000000000000002, 0.12734695726427506, 0.15939090619988044, 0.08703715441447216, 0.12778115461618333, 0.09914499738521576, 0.1263880197220858, 0.11603465422389463, 0.11204846461332114, 0.1503988494589137, 0.17817153819264991, 0.0962717290371529, 0.09766566071061271, 0.1303220289280331], [0.2608869121725988, 0.14790824056093016, 0.32764759611203614, 0.17660096763653546, 0.15566251044911836, 0.2912743827103229, 0.12091458997447072, 0.1738016531771742, 0.18286687177341138, 0.3213353450699466, 0.1852790878793709, 0.22166795849535118, 0.08604217199155878, 0.1608807463701072, 0.08002055929383779, 0.23936947089292385, 0.12734695726427506, 0.9999999999999999, 0.2792702555932919, 0.28175771978504793, 0.30263039801517366, 0.09973752391949349, 0.08192161626490246, 0.08119053398135258, 0.21921486274045865, 0.11801380974499626, 0.22260363100875627, 0.06586168850128236, 0.08108016747577945, 0.09614621557791211], [0.29074277461377734, 0.20120444468715926, 0.30151055306876556, 0.199708947499534, 0.18146650786902374, 0.29344040824144757, 0.15911572748652195, 0.1661707592401229, 0.1948921515811926, 0.3109675709225009, 0.21697165382390918, 0.2678645723989693, 0.12475110009952968, 0.19449691990193976, 0.12911945941788863, 0.2673567535129804, 0.15939090619988044, 0.2792702555932919, 0.9999999999999998, 0.23550132626076814, 0.3302399008626228, 0.13023796094281428, 0.1362303984555718, 0.10319653372635408, 0.2218568975183341, 0.17651332382556134, 0.2489983183196296, 0.09566924866534253, 0.12425083715173925, 0.1262928995705459], [0.21998909064515748, 0.12482456326847886, 0.3012153351233455, 0.14209301723693046, 0.13903175568899395, 0.2714104405204212, 0.08854737990211295, 0.1413448660726386, 0.17073951014260252, 0.2450812933288928, 0.1506754145771095, 0.2001078311896503, 0.06325946489739125, 0.12883216181218393, 0.05625906448544892, 0.19423364659481762, 0.08703715441447216, 0.28175771978504793, 0.23550132626076814, 0.9999999999999998, 0.28296839431505844, 0.07764810213251397, 0.06748247041394811, 0.07008726190116119, 0.24125360067301457, 0.11140907769802674, 0.17693196770324934, 0.04617462590086891, 0.0887241838802742, 0.07692858171037545], [0.29743962492684545, 0.1758182370959112, 0.30974461200235154, 0.1987085461975991, 0.1601926290573764, 0.31380812549639425, 0.14791692075759558, 0.20274174438845569, 0.1942739082282544, 0.3024068384737983, 0.2181477957640449, 0.3023647853164135, 0.06977818373104636, 0.18927880954385073, 0.07814752313746941, 0.26699337253230804, 0.12778115461618333, 0.30263039801517366, 0.3302399008626228, 0.28296839431505844, 1.0000000000000002, 0.08664317900878699, 0.08460951717984326, 0.06915037915429322, 0.2839948243320285, 0.14854435291352658, 0.24137046962249387, 0.04667563615900405, 0.09850895742762547, 0.11644352602565297], [0.11580158266907417, 0.16688966566574084, 0.09379672978600063, 0.14604896332681938, 0.12491121769806017, 0.10164059950218389, 0.12362286678504499, 0.1117753923259893, 0.11192734026309388, 0.11675494238462243, 0.13169528437555933, 0.1271702476387375, 0.1651787679189736, 0.14964938279536674, 0.12147405626943261, 0.14406444252922174, 0.09914499738521576, 0.09973752391949349, 0.13023796094281428, 0.07764810213251397, 0.08664317900878699, 1.0, 0.11726574643053889, 0.1230940953753018, 0.0607676225451782, 0.15479441511375155, 0.14421278073668037, 0.11256775564030859, 0.09500741054879477, 0.11611982767256059], [0.12248225883310644, 0.15051738552064312, 0.08276111136919935, 0.1150251001412412, 0.12277429819011756, 0.094822715668818, 0.0951032575340549, 0.08658335771315258, 0.1101223949229476, 0.10621593085315782, 0.13714909029480532, 0.11605254227371581, 0.14372148102834376, 0.11567171703467284, 0.16635756630632959, 0.13983142569091864, 0.1263880197220858, 0.08192161626490246, 0.1362303984555718, 0.06748247041394811, 0.08460951717984326, 0.11726574643053889, 0.9999999999999999, 0.12935969002220304, 0.05088337441397288, 0.12961387050887335, 0.1347553815771767, 0.12565982625306002, 0.13406585344212849, 0.09170832334337917], [0.11070721585667812, 0.13219738197879716, 0.08039116658092485, 0.1828085396482218, 0.17523968617239852, 0.1004644759819608, 0.15752464243799846, 0.15246291228365152, 0.15720550272005784, 0.10146952360889289, 0.13840078103844283, 0.1263374183020004, 0.1239579802921204, 0.17646547118106687, 0.1407631883154184, 0.14592172517445393, 0.11603465422389463, 0.08119053398135258, 0.10319653372635408, 0.07008726190116119, 0.06915037915429322, 0.1230940953753018, 0.12935969002220304, 1.0000000000000002, 0.05347447348283345, 0.1259526606381623, 0.13594830207134595, 0.21869700181557455, 0.10032272012493691, 0.15675015240483225], [0.23540796160947364, 0.11449701856063159, 0.248210541333765, 0.16530478518844502, 0.12460186737494058, 0.2557520871596049, 0.12748237511947752, 0.18878166956534043, 0.16806106494575096, 0.21928958837415333, 0.1664605830289864, 0.2006932352064065, 0.051939955807327784, 0.1501291751484399, 0.06944048980092568, 0.19358128852554968, 0.11204846461332114, 0.21921486274045865, 0.2218568975183341, 0.24125360067301457, 0.2839948243320285, 0.0607676225451782, 0.05088337441397288, 0.05347447348283345, 0.9999999999999999, 0.1084278519403712, 0.17984103969764995, 0.03329303608405604, 0.07463058303968396, 0.09931636381372229], [0.1669872479487232, 0.1848781558165128, 0.12342639677380857, 0.19649600093117187, 0.14718534971786623, 0.1479208486830537, 0.18381009040852242, 0.15336395726991892, 0.14236942062205696, 0.15617181242369751, 0.17957298042380393, 0.14226608189652795, 0.1535176921404564, 0.19142447627376483, 0.13306496825492464, 0.19174998496777093, 0.1503988494589137, 0.11801380974499626, 0.17651332382556134, 0.11140907769802674, 0.14854435291352658, 0.15479441511375155, 0.12961387050887335, 0.1259526606381623, 0.1084278519403712, 1.0, 0.1846389167342712, 0.10537978807166698, 0.10823997774229863, 0.15314153164978248], [0.22594181990370832, 0.20408086595935784, 0.2174489756276315, 0.24687680222904082, 0.1830492289624529, 0.24846128613025525, 0.20198923821954282, 0.2325079893711267, 0.2235071015641335, 0.23655105463258688, 0.20882443809472187, 0.20342843834997051, 0.14059809345298216, 0.24067089041204462, 0.15228646333397594, 0.36927133729128814, 0.17817153819264991, 0.22260363100875627, 0.2489983183196296, 0.17693196770324934, 0.24137046962249387, 0.14421278073668037, 0.1347553815771767, 0.13594830207134595, 0.17984103969764995, 0.1846389167342712, 0.9999999999999998, 0.10431390137637346, 0.10373607291816311, 0.18027935068935755], [0.08175623057963008, 0.12009684592566455, 0.06334048233966402, 0.12605692304802532, 0.13681158365187804, 0.07151204991730095, 0.11502367039660452, 0.08932143528616134, 0.11002070721984074, 0.0829894250649376, 0.11525373729150716, 0.09998046137072177, 0.11568861007749459, 0.12347831290652268, 0.12480947121627284, 0.10239769751613001, 0.0962717290371529, 0.06586168850128236, 0.09566924866534253, 0.04617462590086891, 0.04667563615900405, 0.11256775564030859, 0.12565982625306002, 0.21869700181557455, 0.03329303608405604, 0.10537978807166698, 0.10431390137637346, 0.9999999999999999, 0.09657233211662056, 0.11316715088053084], [0.11530914201933568, 0.11744235186409213, 0.10632889297009317, 0.09691097813895545, 0.10588830588793034, 0.09515871581860391, 0.07878514200205344, 0.06404902679158582, 0.09694616383314533, 0.10184573609108273, 0.13979843237284273, 0.10806065042291534, 0.10762141463999458, 0.09648539690365984, 0.1077060400623513, 0.10755189581633215, 0.09766566071061271, 0.08108016747577945, 0.12425083715173925, 0.0887241838802742, 0.09850895742762547, 0.09500741054879477, 0.13406585344212849, 0.10032272012493691, 0.07463058303968396, 0.10823997774229863, 0.10373607291816311, 0.09657233211662056, 1.0000000000000002, 0.07769325066038452], [0.13453605196374221, 0.11411294135003852, 0.09308803563688432, 0.2591095197834899, 0.15748547106564528, 0.12151825366524406, 0.38617441427905375, 0.19477820242629038, 0.1909309652551486, 0.1311336493107758, 0.14460339780840173, 0.1636234696450664, 0.11563332173302573, 0.2466082667590976, 0.13384296782642077, 0.19680286091138888, 0.1303220289280331, 0.09614621557791211, 0.1262928995705459, 0.07692858171037545, 0.11644352602565297, 0.11611982767256059, 0.09170832334337917, 0.15675015240483225, 0.09931636381372229, 0.15314153164978248, 0.18027935068935755, 0.11316715088053084, 0.07769325066038452, 0.9999999999999998]];

// Helper function to interpolate between two hex colors.
function interpolateColor(color1, color2, factor) {
    var c1 = parseInt(color1.slice(1), 16);
    var c2 = parseInt(color2.slice(1), 16);
    var r1 = (c1 >> 16) & 0xFF, g1 = (c1 >> 8) & 0xFF, b1 = c1 & 0xFF;
    var r2 = (c2 >> 16) & 0xFF, g2 = (c2 >> 8) & 0xFF, b2 = c2 & 0xFF;
    var r = Math.round(r1 + (r2 - r1) * factor);
    var g = Math.round(g1 + (g2 - g1) * factor);
    var b = Math.round(b1 + (b2 - b1) * factor);
    function componentToHex(c) {
       var hex = c.toString(16);
       return hex.length == 1 ? "0" + hex : hex;
    }
    return "#" + componentToHex(r) + componentToHex(g) + componentToHex(b);
}

// Function to map a correlation value (-1 to 1) to an object containing both fill and outline colors.
function mapCorrelationToColors(corr) {
    var fill, outline;
    if (corr < 0) {
        // For negative correlations, interpolate from red to white.
        // t=0 when corr=-1, t=1 when corr=0.
        var t = 1 + corr;
        fill = interpolateColor("#ff6464", "#ffffff", t);
        outline = interpolateColor("#ee1414", "#6c87c5", t);
    } else {
        // For positive correlations, interpolate from white to green.
        // t=0 when corr=0, t=1 when corr=1.
        var t = corr;
        fill = interpolateColor("#ffffff", "#6ae03b", t);
        outline = interpolateColor("#6c87c5", "#359e12", t);
    }
    return { fill: fill, outline: outline };
}

// Get a handle to the Plotly div (with id 'myDiv').
var plotDiv = document.getElementById('myDiv');

// When hovering over a point, update marker fills and outlines based on correlation.
plotDiv.on('plotly_hover', function(data) {
    var hoveredIndex = data.points[0].pointIndex;
    var newFills = [];
    var newOutlines = [];
    for (var i = 0; i < window.corr_matrix.length; i++) {
        var corr = window.corr_matrix[i][hoveredIndex];
        var colors = mapCorrelationToColors(corr);
        newFills.push(colors.fill);
        newOutlines.push(colors.outline);
    }
    Plotly.restyle('myDiv', {
        'marker.color': [newFills],
        'marker.line.color': [newOutlines]
    });
});

// When unhovering, reset marker fills to "lightblue" and outlines to "black".
plotDiv.on('plotly_unhover', function(data) {
    var resetFills = Array(window.corr_matrix.length).fill('#6c87c5');
    var resetOutlines = Array(window.corr_matrix.length).fill('#6c87c5');
    console.log(resetOutlines);
    Plotly.restyle('myDiv', {
        'marker.color': [resetFills],
        'marker.line.color': [resetOutlines]
    });
});

                        })                };                            </script>        </div>
</body>
</html>